<!DOCTYPE html>
<html lang="en"><head>
  <meta charset="utf-8">
  <meta http-equiv="X-UA-Compatible" content="IE=edge">
  <meta name="viewport" content="width=device-width, initial-scale=1"><!-- Begin Jekyll SEO tag v2.8.0 -->
<title>Basic Matrix Operations | Harlinn</title>
<meta name="generator" content="Jekyll v4.3.4" />
<meta property="og:title" content="Basic Matrix Operations" />
<meta property="og:locale" content="en_US" />
<meta name="description" content="This is my personal Github site," />
<meta property="og:description" content="This is my personal Github site," />
<link rel="canonical" href="https://harlinn.github.io/Julia/VectorsAndMatrices/BasicMatrixOperation.html" />
<meta property="og:url" content="https://harlinn.github.io/Julia/VectorsAndMatrices/BasicMatrixOperation.html" />
<meta property="og:site_name" content="Harlinn" />
<meta property="og:type" content="website" />
<meta name="twitter:card" content="summary" />
<meta property="twitter:title" content="Basic Matrix Operations" />
<script type="application/ld+json">
{"@context":"https://schema.org","@type":"WebPage","description":"This is my personal Github site,","headline":"Basic Matrix Operations","url":"https://harlinn.github.io/Julia/VectorsAndMatrices/BasicMatrixOperation.html"}</script>
<!-- End Jekyll SEO tag -->
<link rel="stylesheet" href="/assets/main.css"><link type="application/atom+xml" rel="alternate" href="https://harlinn.github.io/feed.xml" title="Harlinn" /></head>
<body><header class="site-header" role="banner">

  <div class="wrapper"><a class="site-title" rel="author" href="/">Harlinn</a><nav class="site-nav">
        <input type="checkbox" id="nav-trigger" class="nav-trigger" />
        <label for="nav-trigger">
          <span class="menu-icon">
            <svg viewBox="0 0 18 15" width="18px" height="15px">
              <path d="M18,1.484c0,0.82-0.665,1.484-1.484,1.484H1.484C0.665,2.969,0,2.304,0,1.484l0,0C0,0.665,0.665,0,1.484,0 h15.032C17.335,0,18,0.665,18,1.484L18,1.484z M18,7.516C18,8.335,17.335,9,16.516,9H1.484C0.665,9,0,8.335,0,7.516l0,0 c0-0.82,0.665-1.484,1.484-1.484h15.032C17.335,6.031,18,6.696,18,7.516L18,7.516z M18,13.516C18,14.335,17.335,15,16.516,15H1.484 C0.665,15,0,14.335,0,13.516l0,0c0-0.82,0.665-1.483,1.484-1.483h15.032C17.335,12.031,18,12.695,18,13.516L18,13.516z"/>
            </svg>
          </span>
        </label>

        <div class="trigger"><a class="page-link" href="/Cpp/Cpp.html">C++</a><a class="page-link" href="/Databases/Databases.html">Databases</a><a class="page-link" href="/DotNet/DotNet.html">.Net</a><a class="page-link" href="/Java/Java.html">Java</a><a class="page-link" href="/Julia/Julia.html">Julia</a><a class="page-link" href="/Python/Python.html">Python</a><a class="page-link" href="/R/R.html">R</a><a class="page-link" href="/Rust/Rust.html">Rust</a><a class="page-link" href="/about/">About</a></div>
      </nav></div>
</header>
<main class="page-content" aria-label="Content">
      <div class="wrapper">
        <article class="post">

  <header class="post-header">
    <h1 class="post-title">Basic Matrix Operations</h1>
  </header>

  <div class="post-content">
    <p>Julia provides common linear algebra operations in the <code class="language-plaintext highlighter-rouge">LinearAlgebra</code> package,
and one convenient use of Julia is to create data for tests written in other
programming languages.</p>

<div class="language-plaintext highlighter-rouge"><div class="highlight"><pre class="highlight"><code>julia&gt; using LinearAlgebra
</code></pre></div></div>
<p>In Julia matrices are in the column major format:</p>

<div class="language-plaintext highlighter-rouge"><div class="highlight"><pre class="highlight"><code>julia&gt; M1 = [2/7 −6/7 3/7 1; 6/7 3/7 2/7 2; −3/7 2/7 6/7 3; 0 0 0 1]
4×4 Matrix{Float64}:
  0.285714  -0.857143  0.428571  1.0
  0.857143   0.428571  0.285714  2.0
 -0.428571   0.285714  0.857143  3.0
  0.0        0.0       0.0       1.0
</code></pre></div></div>

<p>So, when creating data for the tests for the <a href="/Cpp/Cpp/Math/SimdOperations.html">linear algebra 
functions</a> in 
<a href="/Cpp/Harlinn.Windows/Harlinn.Common.Core/Harlinn.Common.Core/html">Harlinn.Common.Core</a>, 
the matrices must be transposed:</p>

<div class="language-plaintext highlighter-rouge"><div class="highlight"><pre class="highlight"><code>julia&gt; M1T = transpose(M1)
4×4 transpose(::Matrix{Float64}) with eltype Float64:
  0.285714  0.857143  -0.428571  0.0
 -0.857143  0.428571   0.285714  0.0
  0.428571  0.285714   0.857143  0.0
  1.0       2.0        3.0       1.0
</code></pre></div></div>
<p>To get the data for the expected result of <code class="language-plaintext highlighter-rouge">Math::Inverse</code>,<br />
use Julias’ <code class="language-plaintext highlighter-rouge">inv</code> function:</p>

<div class="language-plaintext highlighter-rouge"><div class="highlight"><pre class="highlight"><code>julia&gt; M2 = inv(M1)
4×4 Matrix{Float64}:
  0.285714  0.857143  -0.428571  -0.714286
 -0.857143  0.428571   0.285714  -0.857143
  0.428571  0.285714   0.857143  -3.57143
  0.0       0.0        0.0        1.0
</code></pre></div></div>
<p>Transpose the result:</p>

<div class="language-plaintext highlighter-rouge"><div class="highlight"><pre class="highlight"><code>julia&gt; M2T = transpose(M2)
4×4 transpose(::Matrix{Float64}) with eltype Float64:
  0.285714  -0.857143   0.428571  0.0
  0.857143   0.428571   0.285714  0.0
 -0.428571   0.285714   0.857143  0.0
 -0.714286  -0.857143  -3.57143   1.0
</code></pre></div></div>
<p>Now, the data can be copied from the Julia console and 
pasted into a unit test for the function.</p>

<pre><code class="language-C++">BOOST_AUTO_TEST_CASE( InverseTest1 )
{
    using namespace Harlinn::Common::Core::Math;
    SquareMatrix&lt;float, 4&gt; matrix( 0.285714f,  0.857143f, -0.428571f, 0.0f,
                                        -0.857143f, 0.428571f, 0.285714f, 0.0f,
                                        0.428571f, 0.285714f, 0.857143f, 0.0f,
                                        1.0f, 2.0f, 3.0f, 1.0f );

    SquareMatrix&lt;float, 4&gt; expected( 0.285714f, -0.857143f, 0.428571f, 0.0f,
                                        0.857143f, 0.428571f, 0.285714f, 0.0f,
                                        -0.428571f, 0.285714f, 0.857143f, 0.0f,
                                        -0.714286f, -0.857143f, -3.57143f, 1.0f );

    auto inverse = Inverse( matrix );

    auto equal = Equal( inverse.value(), expected );

    BOOST_CHECK( equal );
}


</code></pre>

  </div>

</article>

      </div>
    </main><footer class="site-footer h-card">
  <data class="u-url" href="/"></data>

  <div class="wrapper">

    <h2 class="footer-heading">Harlinn</h2>

    <div class="footer-col-wrapper">
      <div class="footer-col footer-col-1">
        <ul class="contact-list">
          <li class="p-name">Harlinn</li><li><a class="u-email" href="mailto:espen@harlinn.no">espen@harlinn.no</a></li></ul>
      </div>

      <div class="footer-col footer-col-2"><ul class="social-media-list"><li><a href="https://github.com/Harlinn"><svg class="svg-icon"><use xlink:href="/assets/minima-social-icons.svg#github"></use></svg> <span class="username">Harlinn</span></a></li></ul>
</div>

      <div class="footer-col footer-col-3">
        <p>This is my personal Github site, </p>
      </div>
    </div>

  </div>

</footer>
</body>

</html>
